0.77991
0.78089
0.78187
0.78284
0.78382
0.7848
0.78578
0.78676
0.78773
0.78871
0.78969
0.79067
0.79165
0.79262
0.7936
0.79458
0.79556
0.79654
0.79751
0.79849
0.79947
0.80045
0.80143
0.8024
0.80338
0.80436
0.80534
0.80632
0.80729
0.80827
0.80925
0.81023
0.81121
0.81218
0.81316
0.81414
0.81512
0.8161
0.81707
0.81805
0.81903
0.82001
0.82099
0.82196
0.82294
0.82392
0.8249
0.82588
0.82686
0.82783
0.82881
0.82979
0.83077
0.83175
0.83272
0.8337
0.83468
0.83566
0.83664
0.83761
0.83859
0.83957
0.84055
0.84153
0.8425
0.84348
0.84446
0.84544
0.84642
0.84739
0.84837
0.84935
0.85033
0.85131
0.85228
0.85326
0.85424
0.85522
0.8562
0.85717
0.85815
0.85913
0.86011
0.86109
0.86206
0.86304
0.86402
0.865
0.86598
0.86695
0.86793
0.86891
0.86989
0.87087
0.87184
0.87282
0.8738
0.87478
0.87576
0.87673
0.87771
0.87869
0.87967
0.88065
0.88162
0.8826
0.88358
0.88456
0.88554
0.88651
0.88749
0.88847
0.88945
0.89043
0.8914
0.89238
0.89336
0.89434
0.89532
0.89629
0.89727
0.89825
0.89923
0.90021
0.90118
0.90216
0.90314
0.90412
0.9051
0.90607
0.90705
0.90803
0.90901
0.90999
0.91096
0.91194
0.91292
0.9139
0.91488
0.91585
0.91683
0.91781
0.91879
0.91977
0.92074
0.92172
0.9227
0.92368
0.92466
0.92563
0.92661
0.92759
0.92857
0.92955
0.93052
0.9315
0.93248
0.93346
0.93444
0.93541
0.93639
0.93737
0.93835
0.93933
0.9403
0.94128
0.94226
0.94324
0.94422
0.94519
0.94617
0.94715
0.94813
0.94911
0.95008
0.95106
0.95204
0.95302
0.954
0.95497
0.95595
0.95693
0.95791
0.95889
0.95986
0.96084
0.96182
0.9628
0.96378
0.96475
0.96573
0.96671
0.96769
0.96867
0.96964
0.97062
0.9716
0.97258
0.97356
0.97453
0.97551
0.97649
0.97747
0.97845
0.97942
0.9804
0.98138
0.98236
0.98334
0.98431
0.98529
0.98627
0.98725
0.98823
0.9892
0.99018
0.99116
0.99214
0.99312
0.99409
0.99507
0.99605
0.99703
0.99801
0.99898
0.99996
1.0009
1.0019
1.0029
1.0039
1.0049
1.0058
1.0068
1.0078
1.0088
1.0097
1.0107
1.0117
1.0127
1.0137
1.0146
1.0156
1.0166
1.0176
1.0185
1.0195
1.0205
1.0215
1.0225
1.0234
1.0244
1.0254
1.0264
1.0273
1.0283
1.0293
1.0303
1.0313
1.0322
1.0332
1.0342
1.0352
1.0361
1.0371
1.0381
1.0391
1.0401
1.041
1.042
1.043
1.044
1.0449
1.0459
1.0469
1.0479
1.0489
1.0498
1.0508
1.0518
1.0528
1.0538
1.0547
1.0557
1.0567
1.0577
1.0586
1.0596
1.0606
1.0616
1.0626
1.0635
1.0645
1.0655
1.0665
1.0674
1.0684
1.0694
1.0704
1.0714
1.0723
1.0733
1.0743
1.0753
1.0762
1.0772
1.0782
1.0792
1.0802
1.0811
1.0821
1.0831
1.0841
1.085
1.086
1.087
1.088
1.089
1.0899
1.0909
1.0919
1.0929
1.0938
1.0948
1.0958
1.0968
1.0978
1.0987
1.0997
1.1007
1.1017
1.1027
1.1036
1.1046
1.1056
1.1066
1.1075
1.1085
1.1095
1.1105
1.1115
1.1124
1.1134
1.1144
1.1154
1.1163
1.1173
1.1183
1.1193
1.1203
1.1212
1.1222
1.1232
1.1242
1.1251
1.1261
1.1271
1.1281
1.1291
1.13
1.131
1.132
1.133
1.1339
1.1349
1.1359
1.1369
1.1379
1.1388
1.1398
1.1408
1.1418
1.1428
1.1437
1.1447
1.1457
1.1467
1.1476
1.1486
1.1496
1.1506
1.1516
1.1525
1.1535
1.1545
1.1555
1.1564
1.1574
1.1584
1.1594
1.1604
1.1613
1.1623
1.1633
1.1643
1.1652
1.1662
1.1672
1.1682
1.1692
1.1701
1.1711
1.1721
1.1731
1.174
1.175
1.176
1.177
1.178
1.1789
1.1799
1.1809
1.1819
1.1828
1.1838
1.1848
1.1858
1.1868
1.1877
1.1887
1.1897
1.1907
1.1917
1.1926
1.1936
1.1946
1.1956
1.1965
1.1975
1.1985
1.1995
1.2005
1.2014
1.2024
1.2034
1.2044
1.2053
1.2063
1.2073
1.2083
1.2093
1.2102
1.2112
1.2122
1.2132
1.2141
1.2151
1.2161
1.2171
1.2181
1.219
1.22
1.221
1.222
1.2229
1.2239
1.2249
1.2259
1.2269
1.2278
1.2288
1.2298
1.2308
1.2317
1.2327
1.2337
1.2347
1.2357
1.2366
1.2376
1.2386
1.2396
1.2406
1.2415
1.2425
1.2435
1.2445
1.2454
1.2464
1.2474
1.2484
1.2494
1.2503
1.2513
1.2523
1.2533
1.2542
1.2552
1.2562
1.2572
1.2582
1.2591
1.2601
1.2611
1.2621
1.263
1.264
1.265
1.266
1.267
1.2679
1.2689
1.2699
1.2709
1.2718
1.2728
1.2738
1.2748
1.2758
1.2767
1.2777
1.2787
1.2797
1.2806
1.2816
1.2826
1.2836
1.2846
1.2855
1.2865
1.2875
1.2885
1.2895
1.2904
1.2914
1.2924
1.2934
1.2943
1.2953
1.2963
1.2973
1.2983
1.2992
1.3002
1.3012
1.3022
1.3031
1.3041
1.3051
1.3061
1.3071
1.308
1.309
1.31
1.311
1.3119
1.3129
1.3139
1.3149
1.3159
1.3168
1.3178
1.3188
1.3198
1.3207
1.3217
1.3227
1.3237
1.3247
1.3256
1.3266
1.3276
1.3286
1.3295
1.3305
1.3315
1.3325
1.3335
1.3344
1.3354
1.3364
1.3374
1.3384
1.3393
1.3403
1.3413
1.3423
1.3432
1.3442
1.3452
1.3462
1.3472
1.3481
1.3491
1.3501
1.3511
1.352
1.353
1.354
1.355
1.356
1.3569
1.3579
1.3589
1.3599
1.3608
1.3618
1.3628
1.3638
1.3648
1.3657
1.3667
1.3677
1.3687
1.3696
1.3706
1.3716
1.3726
1.3736
1.3745
1.3755
1.3765
1.3775
1.3784
1.3794
1.3804
1.3814
1.3824
1.3833
1.3843
1.3853
1.3863
1.3873
1.3882
1.3892
1.3902
1.3912
1.3921
1.3931
1.3941
1.3951
1.3961
1.397
1.398
1.399
1.4
1.4009
1.4019
1.4029
1.4039
1.4049
1.4058
1.4068
1.4078
1.4088
1.4097
1.4107
1.4117
1.4127
1.4137
1.4146
1.4156
1.4166
1.4176
1.4185
1.4195
1.4205
1.4215
1.4225
1.4234
1.4244
1.4254
1.4264
1.4273
1.4283
1.4293
1.4303
1.4313
1.4322
1.4332
1.4342
1.4352
1.4362
1.4371
1.4381
1.4391
1.4401
1.441
1.442
1.443
1.444
1.445
1.4459
1.4469
1.4479
1.4489
1.4498
1.4508
1.4518
1.4528
1.4538
1.4547
1.4557
1.4567
1.4577
1.4586
1.4596
1.4606
1.4616
1.4626
1.4635
1.4645
1.4655
1.4665
1.4674
1.4684
1.4694
1.4704
1.4714
1.4723
1.4733
1.4743
1.4753
1.4762
1.4772
1.4782
1.4792
1.4802
1.4811
1.4821
1.4831
1.4841
1.4851
1.486
1.487
1.488
1.489
1.4899
1.4909
1.4919
1.4929
1.4939
1.4948
1.4958
1.4968
1.4978
1.4987
1.4997
1.5007
1.5017
1.5027
1.5036
1.5046
1.5056
1.5066
1.5075
1.5085
1.5095
1.5105
1.5115
1.5124
1.5134
1.5144
1.5154
1.5163
1.5173
1.5183
1.5193
1.5203
1.5212
1.5222
1.5232
1.5242
1.5251
1.5261
1.5271
1.5281
1.5291
1.53
1.531
1.532
1.533
1.534
1.5349
1.5359
1.5369
1.5379
1.5388
1.5398
1.5408
1.5418
1.5428
1.5437
1.5447
1.5457
1.5467
1.5476
1.5486
1.5496
1.5506
1.5516
1.5525
1.5535
1.5545
1.5555
1.5564
1.5574
1.5584
1.5594
1.5604
1.5613
1.5623
1.5633
1.5643
1.5652
1.5662
1.5672
1.5682
1.5692
1.5701
1.5711
1.5721
1.5731
1.574
1.575
1.576
1.577
1.578
1.5789
1.5799
1.5809
1.5819
1.5829
1.5838
1.5848
1.5858
1.5868
1.5877
1.5887
1.5897
1.5907
1.5917
1.5926
1.5936
1.5946
1.5956
1.5965
1.5975
1.5985
1.5995
1.6005
1.6014
1.6024
1.6034
1.6044
1.6053
1.6063
1.6073
1.6083
1.6093
1.6102
1.6112
1.6122
1.6132
1.6141
1.6151
1.6161
1.6171
1.6181
1.619
1.62
1.621
1.622
1.6229
1.6239
1.6249
1.6259
1.6269
1.6278
1.6288
1.6298
1.6308
1.6318
1.6327
1.6337
1.6347
1.6357
1.6366
1.6376
1.6386
1.6396
1.6406
1.6415
1.6425
1.6435
1.6445
1.6454
1.6464
1.6474
1.6484
1.6494
1.6503
1.6513
1.6523
1.6533
1.6542
1.6552
1.6562
1.6572
1.6582
1.6591
1.6601
1.6611
1.6621
1.663
1.664
1.665
1.666
1.667
1.6679
1.6689
1.6699
1.6709
1.6718
1.6728
1.6738
1.6748
1.6758
1.6767
1.6777
1.6787
1.6797
1.6807
1.6816
1.6826
1.6836
1.6846
1.6855
1.6865
1.6875
1.6885
1.6895
1.6904
1.6914
1.6924
1.6934
1.6943
1.6953
1.6963
1.6973
1.6983
1.6992
1.7002
1.7012
1.7022
1.7031
1.7041
1.7051
1.7061
1.7071
1.708
1.709
1.71
1.711
1.7119
1.7129
1.7139
1.7149
1.7159
1.7168
1.7178
1.7188
1.7198
1.7208
1.7217
1.7227
1.7237
1.7247
1.7256
1.7266
1.7276
1.7286
1.7296
1.7305
1.7315
1.7325
1.7335
1.7344
1.7354
1.7364
1.7374
1.7384
1.7393
1.7403
1.7413
1.7423
1.7432
1.7442
1.7452
1.7462
1.7472
1.7481
1.7491
1.7501
1.7511
1.752
1.753
1.754
1.755
1.756
1.7569
1.7579
1.7589
1.7599
1.7608
1.7618
1.7628
1.7638
1.7648
1.7657
1.7667
1.7677
1.7687
1.7697
1.7706
1.7716
1.7726
1.7736
1.7745
1.7755
1.7765
1.7775
1.7785
1.7794
1.7804
