-478
-476
-473.99
-471.99
-469.98
-467.98
-465.97
-463.97
-461.97
-459.96
-457.96
-455.95
-453.95
-451.95
-449.94
-447.94
-445.93
-443.93
-441.92
-439.92
-437.92
-435.91
-433.91
-431.9
-429.9
-427.9
-425.89
-423.89
-421.88
-419.88
-417.87
-415.87
-413.87
-411.86
-409.86
-407.85
-405.85
-403.84
-401.84
-399.84
-397.83
-395.83
-393.82
-391.82
-389.82
-387.81
-385.81
-383.8
-381.8
-379.79
-377.79
-375.79
-373.78
-371.78
-369.77
-367.77
-365.77
-363.76
-361.76
-359.75
-357.75
-355.74
-353.74
-351.74
-349.73
-347.73
-345.72
-343.72
-341.71
-339.71
-337.71
-335.7
-333.7
-331.69
-329.69
-327.69
-325.68
-323.68
-321.67
-319.67
-317.66
-315.66
-313.66
-311.65
-309.65
-307.64
-305.64
-303.64
-301.63
-299.63
-297.62
-295.62
-293.61
-291.61
-289.61
-287.6
-285.6
-283.59
-281.59
-279.58
-277.58
-275.58
-273.57
-271.57
-269.56
-267.56
-265.56
-263.55
-261.55
-259.54
-257.54
-255.53
-253.53
-251.53
-249.52
-247.52
-245.51
-243.51
-241.51
-239.5
-237.5
-235.49
-233.49
-231.48
-229.48
-227.48
-225.47
-223.47
-221.46
-219.46
-217.45
-215.45
-213.45
-211.44
-209.44
-207.43
-205.43
-203.43
-201.42
-199.42
-197.41
-195.41
-193.4
-191.4
-189.4
-187.39
-185.39
-183.38
-181.38
-179.38
-177.37
-175.37
-173.36
-171.36
-169.35
-167.35
-165.35
-163.34
-161.34
-159.33
-157.33
-155.32
-153.32
-151.32
-149.31
-147.31
-145.3
-143.3
-141.3
-139.29
-137.29
-135.28
-133.28
-131.27
-129.27
-127.27
-125.26
-123.26
-121.25
-119.25
-117.25
-115.24
-113.24
-111.23
-109.23
-107.22
-105.22
-103.22
-101.21
-99.208
-97.203
-95.199
-93.195
-91.191
-89.187
-87.182
-85.178
-83.174
-81.17
-79.166
-77.161
-75.157
-73.153
-71.149
-69.145
-67.14
-65.136
-63.132
-61.128
-59.124
-57.119
-55.115
-53.111
-51.107
-49.103
-47.099
-45.094
-43.09
-41.086
-39.082
-37.078
-35.073
-33.069
-31.065
-29.061
-27.057
-25.052
-23.048
-21.044
-19.04
-17.036
-15.031
-13.027
-11.023
-9.0189
-7.0147
-5.0105
-3.0063
-1.0021
1.0021
3.0063
5.0105
7.0147
9.0189
11.023
13.027
15.031
17.036
19.04
21.044
23.048
25.052
27.057
29.061
31.065
33.069
35.073
37.078
39.082
41.086
43.09
45.094
47.099
49.103
51.107
53.111
55.115
57.119
59.124
61.128
63.132
65.136
67.14
69.145
71.149
73.153
75.157
77.161
79.166
81.17
83.174
85.178
87.182
89.187
91.191
93.195
95.199
97.203
99.208
101.21
103.22
105.22
107.22
109.23
111.23
113.24
115.24
117.25
119.25
121.25
123.26
125.26
127.27
129.27
131.27
133.28
135.28
137.29
139.29
141.3
143.3
145.3
147.31
149.31
151.32
153.32
155.32
157.33
159.33
161.34
163.34
165.35
167.35
169.35
171.36
173.36
175.37
177.37
179.38
181.38
183.38
185.39
187.39
189.4
191.4
193.4
195.41
197.41
199.42
201.42
203.43
205.43
207.43
209.44
211.44
213.45
215.45
217.45
219.46
221.46
223.47
225.47
227.48
229.48
231.48
233.49
235.49
237.5
239.5
241.51
243.51
245.51
247.52
249.52
251.53
253.53
255.53
257.54
259.54
261.55
263.55
265.56
267.56
269.56
271.57
273.57
275.58
277.58
279.58
281.59
283.59
285.6
287.6
289.61
291.61
293.61
295.62
297.62
299.63
301.63
303.64
305.64
307.64
309.65
311.65
313.66
315.66
317.66
319.67
321.67
323.68
325.68
327.69
329.69
331.69
333.7
335.7
337.71
339.71
341.71
343.72
345.72
347.73
349.73
351.74
353.74
355.74
357.75
359.75
361.76
363.76
365.77
367.77
369.77
371.78
373.78
375.79
377.79
379.79
381.8
383.8
385.81
387.81
389.82
391.82
393.82
395.83
397.83
399.84
401.84
403.84
405.85
407.85
409.86
411.86
413.87
415.87
417.87
419.88
421.88
423.89
425.89
427.9
429.9
431.9
433.91
435.91
437.92
439.92
441.92
443.93
445.93
447.94
449.94
451.95
453.95
455.95
457.96
459.96
461.97
463.97
465.97
467.98
469.98
471.99
473.99
476
478
